2 13 14 28 30 
5 7 12 29 31
7 8 16 20 21 
1 2 9 16 25 
16 21 25 26 35 
3 17 22 29 30 
22 28 29 30 31 
11 12 16 20 25 
9 12 17 27 36 
10 12 23 27 34 
12 14 25 34 35 
4 6 17 20 25 
3 5 7 13 25 
11 22 25 27 35 
2 12 19 24 34 
4 11 17 23 26 
3 23 25 26 27 
6 10 19 21 26 
8 12 19 27 33 
4 9 18 22 24 
14 15 29 30 36 
11 16 17 27 29 
12 19 26 28 34 
3 6 12 18 35 
4 10 18 27 34 
2 10 31 32 34 
2 8 14 17 32 
3 5 18 31 33 
9 10 13 19 31 
14 22 27 30 31 
2 4 8 23 35 
9 19 21 31 34 
9 13 18 22 30 
2 3 13 31 36 
6 7 12 16 32 
8 9 11 17 36 
1 2 24 26 34 
3 8 16 17 24 
1 6 16 17 29 
10 21 22 26 33 
1 26 28 29 31 
3 15 17 30 36 
10 14 21 32 33 
22 23 30 31 35 
8 11 22 25 31 
15 20 21 25 33 
1 9 12 18 33 
1 4 32 33 34 
1 10 18 22 27 
4 5 8 20 29 
2 5 18 30 34 
6 10 19 20 30 
18 25 31 33 34 
11 12 14 18 23 
2 8 9 23 33 
6 14 20 31 33 
6 7 16 21 30 
6 13 27 33 36 
2 6 14 20 35 
8 11 14 21 27 
2 13 17 19 27 
15 18 21 31 36 
1 2 5 9 30 
3 13 16 17 27 
6 20 23 24 25 
2 11 13 32 35 
3 9 15 16 26 
7 8 10 18 25 
3 20 23 26 35 
6 7 9 18 20 
3 18 25 32 33 
13 17 26 28 29 
6 14 15 32 34 
8 15 16 18 23 
4 16 20 30 36 
10 13 24 29 36 
6 7 11 21 36 
5 32 33 34 35 
10 14 17 18 30 
2 10 28 31 36 
11 15 24 26 29 
6 7 9 23 24 
3 4 17 21 25 
4 13 21 31 36 
1 3 8 9 27 
6 16 25 28 35 
2 3 16 23 26 
5 9 28 31 35 
2 7 18 30 35 
6 9 15 25 27 
1 7 14 21 31 
2 6 8 25 30 
8 18 22 28 34 
4 5 12 16 34 
5 12 17 24 32 
11 12 15 23 32 
1 3 22 25 32 
1 11 12 17 23 
7 12 25 32 36 
11 15 23 25 26 
10 16 21 23 24 
11 14 17 31 36 
7 17 26 28 36 
4 7 9 11 23 
5 11 26 28 34 
13 14 15 23 27 
1 14 16 26 28 
11 15 19 26 28 
8 17 18 20 31 
1 7 11 21 31 
2 14 22 25 32 
4 7 18 27 34 
4 18 21 28 31 
7 8 13 21 35 
11 15 24 25 31 
8 22 23 26 30 
11 18 27 28 29 
3 5 14 30 32 
20 27 28 32 36 
5 12 22 27 35 
1 5 13 15 23 
2 11 21 24 34 
5 10 12 17 19 
4 6 18 23 34 
16 20 25 26 30 
1 6 10 32 35 
1 3 20 28 31 
7 13 15 17 23 
2 8 18 25 27 
9 17 21 29 30 
2 13 29 31 32 
8 16 28 33 36 
4 5 18 23 28 
3 10 12 17 27 
9 12 17 21 33 
12 16 21 29 30 
5 8 13 21 30 
2 18 22 27 36 
17 29 30 31 36 
8 13 14 18 27 
4 15 16 20 33 
10 16 19 23 26 
1 3 4 7 15 
23 28 31 32 33 
11 13 14 23 26 
10 11 25 29 35 
4 6 16 21 27 
11 21 23 30 35 
9 11 13 17 26 
7 8 14 15 30 
4 13 14 16 22 
1 7 17 29 31 
2 5 8 18 22 
9 14 16 23 35 
1 6 16 24 28 
11 12 28 31 33 
13 22 26 28 32 
4 12 21 35 36 
6 7 11 25 29 
3 12 18 23 36 
8 10 25 31 34 
10 19 23 26 32 
5 10 18 19 36 
4 19 22 24 30 
3 15 20 23 30 
9 12 14 30 32 
7 14 25 32 33 
5 15 17 25 32 
15 18 24 31 35 
14 21 24 26 30 
9 11 16 17 34 
12 14 22 23 29 
1 5 8 22 28 
3 7 28 33 34 
7 15 30 32 36 
12 13 15 20 35 
1 4 31 32 36 
8 24 25 30 35 
8 18 21 26 27 
9 17 22 23 31 
4 16 27 30 34 
1 8 15 25 31 
7 17 20 32 33 
9 12 15 18 25 
2 18 25 27 34 
13 15 21 22 34 
4 21 26 27 32 
9 12 17 35 36 
8 9 14 21 33 
5 10 26 30 32 
18 24 25 28 32 
4 5 8 27 34 
6 9 24 33 35 
3 11 15 18 25 
3 8 13 20 29 
12 13 16 24 30 
2 6 13 21 34 
1 5 28 30 36 
7 10 22 24 33 
29 30 31 35 36 
4 11 18 19 32 
7 8 11 12 15 
2 12 13 33 36 
4 7 20 21 28 
16 18 27 30 35 
1 12 20 32 36 
1 15 19 24 27 
8 10 14 16 31 
1 19 21 35 36 
3 28 29 31 36 
10 22 26 28 34 
8 13 15 17 31 
2 3 6 12 28 
10 11 20 23 26 
1 2 24 32 33 
6 12 19 33 34 
3 5 16 24 32 
1 5 6 15 26 
8 10 14 27 28 
4 7 10 12 22 
1 3 6 11 32 
14 19 23 24 27 
4 6 14 28 33 
3 6 22 24 35 
5 20 25 26 30 
5 8 18 19 23 
6 7 11 21 23 
3 7 14 20 32 
1 7 18 25 31 
3 5 9 12 15 
1 4 18 20 24 
2 18 19 22 24 
1 2 8 24 32 
17 20 21 27 29 
3 10 24 29 32 
4 22 24 28 29 
1 21 26 30 31 
1 7 10 16 29 
5 6 20 23 33 
7 13 14 19 34 
9 10 22 23 31 
3 4 18 24 30 
2 8 9 12 21 
4 16 21 26 35 
5 15 22 26 36 
2 10 23 25 28 
9 15 18 31 32 
9 18 23 28 35 
13 20 22 24 27 
1 6 7 14 29 
7 16 27 28 34 
1 7 13 22 28 
6 9 10 20 31 
5 6 19 21 33 
1 12 14 17 19 
2 5 13 17 21 
1 3 10 14 17 
1 13 19 24 31 
1 11 19 22 27 
2 5 11 30 36 
1 6 10 20 35 
2 6 9 12 35 
6 10 20 33 36 
7 9 10 19 31 
11 15 24 26 30 
10 12 22 26 29 
2 3 7 13 21 
19 20 24 27 28 
1 3 5 14 33 
1 12 22 28 30 
1 16 24 31 35 
5 9 14 26 33 
6 19 27 32 35 
2 4 7 21 28 
6 16 27 29 33 
4 13 15 31 34 
5 9 16 22 35 
2 15 16 25 26 
10 22 23 25 29 
2 10 12 20 33 
4 12 15 18 26 
6 8 13 23 31 
11 22 25 31 36 
1 3 5 12 13 
1 9 10 13 29 
6 8 9 13 27 
5 6 7 19 30 
1 5 16 32 33 
5 17 22 28 30 
12 14 29 31 34 
6 19 26 27 28 
5 7 21 26 36 
3 13 20 24 26 
5 7 12 13 14 
7 14 26 28 35 
1 6 24 25 31 
7 8 10 16 24 
14 18 25 31 32 
5 11 21 26 34 
11 21 28 30 32 
2 4 5 14 31 
7 8 10 20 36 
7 13 24 25 30 
1 14 27 31 33 
9 11 18 21 36 
1 6 8 13 16 
5 10 18 19 34 
9 10 18 19 33 
5 19 22 27 29 
16 21 25 34 36 
1 6 9 17 27 
4 19 23 24 34 
3 11 12 21 32 
2 3 19 28 32 
11 18 29 32 33 
3 6 22 24 31 
5 20 26 32 36 
7 8 9 21 36 
3 15 20 21 35 
12 14 19 23 36 
8 16 18 20 35 
8 24 25 33 34 
5 18 26 29 34 
2 4 12 20 30 
3 6 9 26 32 
17 24 29 32 33 
4 9 16 28 35 
2 10 12 19 25 
4 5 12 22 26 
1 7 10 21 35 
5 10 16 19 25 
3 8 9 22 34 
5 6 17 21 32 
1 3 8 11 15 
4 9 14 27 28 
3 11 23 32 34 
7 15 17 20 33 
6 14 29 31 35 
7 9 25 29 31 
1 2 16 24 32 
3 15 23 28 33 
2 19 20 22 23 
13 17 27 28 34 
4 10 12 19 27 
1 8 20 21 36 
9 10 11 25 31 
3 7 11 29 34 
4 9 26 28 29 
11 17 20 21 35 
6 11 29 30 36 
9 17 21 34 35 
2 6 17 18 36 
7 12 27 28 29 
2 3 13 14 34 
2 17 30 32 35 
2 6 7 25 33 
2 6 20 21 22 
1 5 9 11 14 
5 8 11 26 31 
6 13 22 26 32 
4 16 20 31 36 
5 10 26 33 36 
4 8 9 15 29 
9 19 24 25 27 
6 8 22 25 29 
16 17 20 29 36 
4 8 10 16 18 
1 3 4 10 36 
10 16 18 28 30 
2 16 17 21 24 
9 14 15 16 19 
6 10 24 27 30 
9 12 21 23 30 
2 10 25 27 36 
1 3 9 18 33 
6 24 29 30 33 
11 16 23 35 36 
4 8 19 33 35 
7 11 19 26 33 
10 15 28 29 30 
6 22 23 26 29 
1 11 14 23 31 
4 12 20 30 32 
10 12 14 24 35 
2 8 17 20 24 
8 11 19 24 33 
8 11 15 17 20 
16 21 22 31 35 
1 9 15 27 29 
1 4 14 15 18 
1 12 13 28 36 
1 4 12 13 30 
2 8 25 27 35 
3 8 14 28 34 
7 20 27 31 34 
2 8 10 16 27 
1 6 8 17 28 
2 7 16 22 29 
7 8 11 21 22 
7 13 15 25 29 
11 19 21 35 36 
2 22 31 32 34 
18 25 26 28 36 
1 4 5 16 32 
3 6 21 35 36 
1 3 7 10 20 
6 10 15 16 26 
10 18 21 24 33 
11 13 14 26 33 
6 14 21 22 24 
2 7 23 32 36 
12 23 27 30 34 
4 6 23 32 35 
6 9 22 23 28 
9 12 13 32 33 
2 6 17 18 33 
4 14 25 30 34 
16 22 23 32 36 
6 11 13 30 31 
3 6 15 27 29 
16 17 18 30 33 
4 14 20 27 34 
6 19 23 29 34 
14 18 24 28 36 
4 15 16 20 21 
7 15 17 30 32 
6 9 11 15 16 
17 23 24 27 30 
3 13 26 27 30 
3 8 11 18 32 
7 14 22 23 29 
17 18 24 29 32 
4 6 15 22 35 
3 14 16 27 32 
1 4 16 26 34 
7 15 19 28 33 
8 13 15 30 36 
6 7 10 15 34 
19 21 22 30 32 
1 5 21 26 29 
9 22 28 31 32 
1 22 25 29 30 
1 3 21 23 31 
4 12 17 34 36 
11 13 16 31 34 
5 7 10 16 28 
4 7 9 25 28 
3 7 18 29 31 
4 11 19 22 27 
23 27 29 34 36 
3 26 27 34 35 
1 2 22 23 30 
11 15 20 22 24 
4 9 21 22 34 
8 12 19 28 31 
4 22 30 32 36 
6 16 20 28 35 
4 16 17 22 34 
15 16 19 26 35 
6 15 18 23 34 
7 22 23 31 35 
2 7 11 28 36 
10 23 30 33 35 
21 24 26 30 35 
19 26 27 30 34 
9 14 16 32 34 
12 13 24 28 36 
7 19 22 32 33 
1 6 16 17 25 
5 10 13 26 29 
5 9 19 26 30 
1 3 7 25 28 
1 12 27 28 33 
9 10 19 22 34 
3 10 12 13 14 
4 12 20 23 27 
11 20 30 31 35 
2 3 13 28 29 
3 8 13 20 28 
12 16 18 28 33 
9 21 24 30 32 
10 23 24 26 33 
1 22 24 31 32 
4 19 25 27 32 
21 26 32 33 34 
8 11 13 21 31 
8 9 15 16 30 
13 15 19 23 36 
2 11 24 25 26 
1 2 23 28 30 
7 9 16 28 31 
18 21 22 31 33 
9 11 21 32 36 
5 7 9 30 34 
11 12 33 35 36 
6 15 17 21 34 
4 12 19 31 35 
11 12 16 31 35 
16 28 30 33 35 
2 3 20 26 36 
1 11 20 31 32 
14 18 21 24 34 
3 17 19 25 27 
3 4 7 11 21 
14 15 17 23 25 
9 11 13 19 32 
1 11 14 26 31 
1 4 14 18 20 
6 8 16 26 28 
1 7 13 15 36 
1 6 23 24 26 
4 7 8 22 26 
17 20 25 29 36 
9 14 20 23 35 
8 12 20 22 28 
3 4 5 17 33 
6 8 18 29 34 
2 32 34 35 36 
1 5 6 26 32 
3 18 22 34 36 
4 9 21 35 36 
2 5 21 29 35 
9 10 16 19 26 
4 8 19 21 36 
8 14 15 25 33 
1 6 13 19 35 
5 9 23 24 25 
8 16 17 30 32 
6 10 19 22 36 
13 17 18 21 35 
9 14 20 24 33 
4 6 16 26 34 
6 12 14 16 17 
4 20 25 27 30 
22 23 29 30 34 
10 12 15 17 21 
3 20 23 28 32 
4 11 15 25 32 
2 11 15 20 33 
2 11 15 18 22 
1 23 29 32 36 
6 7 26 27 30 
4 11 19 27 36 
5 11 20 22 29 
5 14 17 21 34 
11 12 19 23 27 
5 11 14 24 35 
1 12 15 28 31 
3 7 9 13 27 
8 9 14 29 35 
10 23 25 27 36 
7 9 20 23 35 
5 10 14 18 29 
1 20 22 28 31 
4 8 18 28 33 
4 6 16 17 31 
1 2 23 28 32 
2 4 13 16 36 
2 12 15 24 33 
8 9 14 17 20 
3 5 12 29 35 
6 8 9 11 13 
11 15 17 18 26 
3 6 21 22 25 
4 6 17 21 27 
3 16 18 26 29 
8 11 16 19 31 
7 9 20 23 24 
6 8 12 18 22 
5 26 29 32 36 
9 16 22 33 36 
5 8 9 10 35 
26 29 32 33 35 
10 16 17 23 32 
8 10 16 17 29 
9 11 12 16 20 
28 29 30 33 35 
6 7 11 14 31 
6 9 10 13 36 
13 18 33 34 36 
1 7 19 22 35 
2 10 17 23 28 
23 26 27 33 35 
1 10 22 35 36 
1 3 8 16 22 
6 12 17 22 28 
2 7 19 20 24 
15 16 20 32 33 
7 15 20 21 31 
10 12 21 30 36 
1 3 10 24 27 
1 10 19 22 36 
2 6 16 18 33 
4 9 17 19 30 
5 14 18 30 36 
1 6 7 19 35 
3 4 9 13 14 
2 16 24 30 34 
6 11 30 33 35 
9 12 14 26 35 
3 4 5 8 20 
5 19 31 32 35 
1 5 8 14 32 
14 16 17 29 34 
3 12 32 34 36 
4 11 18 27 34 
11 21 24 30 34 
5 16 21 29 31 
1 12 27 28 36 
4 17 18 27 28 
1 12 17 32 34 
3 8 11 14 31 
1 15 23 26 31 
12 16 23 31 33 
21 24 32 33 34 
13 17 22 32 35 
3 7 21 23 34 
7 10 13 19 32 
1 9 13 32 33 
1 5 14 25 28 
1 16 21 23 30 
3 9 14 17 27 
1 2 19 32 33 
10 15 17 23 27 
12 14 15 21 33 
3 7 14 22 26 
2 5 6 12 34 
7 8 18 21 31 
1 3 17 23 34 
4 6 18 29 36 
2 10 11 12 30 
9 14 20 27 31 
1 3 8 9 15 
5 7 9 26 31 
8 12 17 25 34 
10 11 15 27 30 
8 13 17 23 25 
4 8 9 12 33 
11 15 16 20 21 
8 13 16 30 35 
11 24 25 27 34 
8 12 19 30 34 
3 10 17 25 27 
4 7 9 15 25 
8 13 19 22 28 
1 12 13 18 20 
5 7 11 21 25 
1 2 4 20 23 
13 21 29 34 35 
15 24 26 31 35 
6 7 10 22 36 
2 7 11 30 36 
5 10 21 26 29 
5 6 12 30 36 
1 7 8 21 24 
6 14 17 22 36 
13 21 30 31 35 
2 30 31 32 33 
1 13 31 33 34 
13 15 24 25 29 
5 20 21 25 30 
6 12 13 15 22 
2 6 20 27 30 
1 5 15 23 24 
2 6 20 24 26 
5 7 8 12 20 
2 5 9 21 31 
6 9 10 16 32 
4 9 14 23 29 
2 5 18 30 33 
5 14 26 29 36 
5 9 17 20 33 
2 6 10 15 35 
8 20 22 32 34 
2 4 6 11 33 
5 8 18 21 24 
3 4 11 33 35 
3 9 12 18 34 
4 9 18 24 30 
3 14 22 28 32 
1 10 14 22 26 
2 10 16 33 34 
6 18 19 30 35 
14 15 17 24 27 
1 4 16 28 30 
20 22 23 24 31 
4 5 9 22 30 
3 11 28 34 35 
8 9 11 17 26 
3 4 7 12 26 
7 16 26 31 33 
11 18 30 34 36 
6 10 19 25 28 
21 22 26 27 34 
2 14 19 24 25 
6 9 22 26 27 
4 7 22 28 32 
11 14 18 25 26 
3 13 18 22 24 
9 15 28 30 33 
4 15 17 18 30 
6 11 21 23 26 
10 14 15 28 33 
4 13 21 24 26 
14 18 23 24 36 
4 6 13 14 24 
12 20 25 33 35 
7 18 22 26 29 
11 13 25 31 33 
9 21 22 32 34 
9 17 20 33 36 
3 9 21 25 28 
1 28 32 33 36 
8 19 20 27 28 
3 9 18 24 30 
8 13 21 30 35 
15 20 21 31 35 
9 20 26 27 33 
3 7 8 16 25 
3 6 12 14 35 
1 19 25 31 32 
3 10 23 25 28 
2 8 14 18 33 
4 8 29 34 36 
10 12 14 22 23 
1 3 15 18 26 
10 11 13 19 31 
13 24 31 32 34 
10 13 21 28 30 
7 9 19 24 32 
1 2 7 15 16 
7 22 25 26 29 
1 11 15 28 30 
1 7 9 10 12 
1 21 23 24 25 
6 13 26 32 35 
6 8 10 14 20 
9 16 22 26 30 
4 5 14 25 31 
5 6 18 25 30 
1 10 13 19 32 
6 8 19 34 36 
3 10 14 28 31 
4 5 6 11 18 
3 7 17 20 24 
1 5 7 8 28 
2 4 11 18 22 
3 5 15 31 35 
2 6 11 17 33 
10 15 19 25 36 
3 4 20 32 33 
9 18 22 24 34 
12 20 22 24 33 
8 10 12 20 26 
1 5 7 16 25 
18 20 23 25 31 
3 7 18 20 35 
10 24 29 31 33 
10 18 21 25 36 
10 11 17 26 31 
2 14 15 35 36 
1 8 15 20 28 
4 9 15 21 26 
5 7 17 21 29 
6 22 26 29 32 
6 9 10 18 33 
21 23 27 28 32 
2 8 22 24 25 
6 12 16 18 22 
5 16 17 23 25 
4 7 17 19 31 
12 18 23 27 28 
5 14 19 30 34 
7 8 29 30 33 
15 19 24 29 32 
7 14 23 24 28 
1 2 13 20 29 
5 6 10 11 28 
10 15 18 26 27 
5 16 19 28 30 
2 10 14 16 19 
4 21 28 30 36 
6 26 31 33 36 
10 22 23 27 33 
10 19 22 32 33 
1 2 11 12 27 
3 10 21 32 34 
11 14 20 27 31 
2 9 16 24 26 
8 15 26 27 30 
5 10 12 13 27 
15 16 24 29 36 
11 12 17 18 31 
6 8 28 30 35 
6 14 24 32 36 
3 8 16 18 21 
10 13 15 16 22 
6 12 25 26 34 
3 8 18 24 27 
7 15 18 21 34 
3 8 18 24 36 
1 18 24 25 31 
16 21 33 34 35 
3 5 20 24 36 
11 12 14 15 29 
5 13 25 29 32 
1 3 4 16 17 
3 8 23 33 36 
4 6 10 15 30 
9 11 19 25 33 
4 10 13 18 27 
9 17 22 25 29 
20 26 31 32 36 
23 30 32 33 34 
4 16 19 22 24 
4 6 8 22 29 
21 26 28 31 35 
2 4 13 18 33 
9 26 27 32 35 
13 14 20 33 35 
21 22 24 26 31 
3 4 8 19 28 
9 16 27 32 33 
12 15 32 35 36 
3 4 17 20 27 
3 15 26 29 32 
7 13 21 28 35 
11 15 27 28 34 
3 8 14 32 34 
6 21 24 26 31 
7 8 14 27 36 
15 19 30 34 36 
5 24 27 32 33 
7 10 15 31 34 
1 18 23 28 35 
6 20 22 26 35 
4 6 16 22 33 
5 10 13 29 32 
2 3 8 14 15 
2 6 17 22 31 
7 9 32 33 35 
4 7 16 17 18 
8 20 21 30 35 
2 6 7 16 32 
2 11 24 34 36 
5 6 15 29 36 
3 11 12 28 32 
5 8 21 27 34 
2 13 15 21 24 
8 13 23 31 32 
8 10 30 32 34 
7 23 25 32 34 
10 15 17 23 34 
5 21 24 25 30 
7 8 10 30 31 
6 9 10 12 19 
3 4 7 16 32 
1 10 12 14 15 
3 9 26 32 34 
7 9 26 27 32 
1 2 16 24 32 
11 15 16 20 29 
9 12 22 31 33 
3 11 20 26 31 
3 16 24 25 36 
10 14 19 22 34 
2 7 18 24 30 
2 17 34 35 36 
3 14 22 23 36 
17 19 23 30 36 
3 8 9 20 36 
19 29 30 31 33 
17 22 24 28 33 
1 14 20 23 32 
4 23 28 30 31 
14 15 26 32 33 
4 6 9 11 16 
2 7 29 32 35 
10 11 19 27 31 
7 11 13 18 25 
11 12 19 21 30 
1 10 14 21 32 
2 10 15 27 30 
9 17 23 24 30 
12 17 20 31 35 
1 4 10 27 28 
1 18 23 29 34 
1 12 15 27 32 
3 17 19 28 30 
1 2 3 6 27 
2 22 23 28 29 
12 13 30 33 36 
13 14 19 20 34 
4 6 10 19 29 
15 23 31 35 36 
14 20 29 30 33 
6 8 9 20 34 
9 15 19 25 33 
8 9 12 25 36 
6 10 20 26 27 
5 15 16 24 33 
13 25 30 35 36 
10 13 14 17 30 
11 21 26 32 34 
11 13 18 24 32 
1 4 13 21 29 
6 19 20 27 36 
1 2 9 14 22 
8 10 13 17 23 
13 17 18 29 36 
9 10 13 15 21 
1 4 10 12 13 
18 22 25 31 34 
2 3 4 16 34 
14 20 25 29 30 
14 17 22 26 31 
1 10 12 13 31 
5 8 10 24 26 
1 2 6 25 28 
1 3 10 13 14 
20 21 25 27 30 
2 9 14 21 31 
8 10 14 19 22 
8 14 15 19 30 
1 5 10 28 30 
8 18 19 34 35 
10 17 22 31 36 
3 5 15 22 33 
4 8 15 28 30 
6 12 14 20 31 
